1.671999999999999875e-01
3.000999999999999779e-01
3.029999999999999916e-01
3.049999999999999933e-01
3.039999999999999925e-01
3.069000000000000061e-01
3.049999999999999933e-01
3.049999999999999933e-01
3.039999999999999925e-01
3.059999999999999942e-01
3.059999999999999942e-01
3.059999999999999942e-01
3.059999999999999942e-01
3.059999999999999942e-01
3.059999999999999942e-01
3.059999999999999942e-01
3.059999999999999942e-01
3.059999999999999942e-01
3.049999999999999933e-01
3.059999999999999942e-01
3.059999999999999942e-01
3.059999999999999942e-01
3.049999999999999933e-01
3.059999999999999942e-01
3.049999999999999933e-01
3.059999999999999942e-01
3.049999999999999933e-01
3.049999999999999933e-01
3.049999999999999933e-01
3.059999999999999942e-01
3.049999999999999933e-01
3.059999999999999942e-01
3.059999999999999942e-01
3.059999999999999942e-01
3.039999999999999925e-01
3.059999999999999942e-01
3.049999999999999933e-01
3.049999999999999933e-01
3.049999999999999933e-01
3.049999999999999933e-01
3.059999999999999942e-01
3.059999999999999942e-01
3.059999999999999942e-01
3.059999999999999942e-01
3.039999999999999925e-01
3.049999999999999933e-01
3.059999999999999942e-01
3.138000000000000234e-01
3.039999999999999925e-01
3.049999999999999933e-01
3.049999999999999933e-01
3.059999999999999942e-01
3.049999999999999933e-01
3.059999999999999942e-01
3.059999999999999942e-01
3.059999999999999942e-01
3.049999999999999933e-01
3.059999999999999942e-01
3.059999999999999942e-01
3.059999999999999942e-01
3.059999999999999942e-01
3.059999999999999942e-01
3.059999999999999942e-01
3.059999999999999942e-01
3.069000000000000061e-01
3.059999999999999942e-01
3.049999999999999933e-01
3.059999999999999942e-01
3.049999999999999933e-01
3.069000000000000061e-01
3.049999999999999933e-01
3.049999999999999933e-01
3.049999999999999933e-01
3.069000000000000061e-01
3.049999999999999933e-01
3.049999999999999933e-01
3.049999999999999933e-01
3.059999999999999942e-01
3.049999999999999933e-01
3.039999999999999925e-01
3.049999999999999933e-01
3.049999999999999933e-01
3.049999999999999933e-01
3.059999999999999942e-01
3.049999999999999933e-01
3.059999999999999942e-01
3.069000000000000061e-01
3.049999999999999933e-01
3.049999999999999933e-01
3.069000000000000061e-01
3.049999999999999933e-01
3.059999999999999942e-01
3.049999999999999933e-01
3.049999999999999933e-01
3.059999999999999942e-01
3.069000000000000061e-01
3.049999999999999933e-01
3.049999999999999933e-01
3.049999999999999933e-01
3.059999999999999942e-01
3.049999999999999933e-01
3.049999999999999933e-01
3.039999999999999925e-01
3.059999999999999942e-01
3.049999999999999933e-01
3.049999999999999933e-01
3.059999999999999942e-01
3.059999999999999942e-01
3.049999999999999933e-01
3.059999999999999942e-01
3.049999999999999933e-01
3.069000000000000061e-01
3.049999999999999933e-01
3.059999999999999942e-01
3.059999999999999942e-01
3.049999999999999933e-01
3.059999999999999942e-01
3.049999999999999933e-01
3.059999999999999942e-01
3.069000000000000061e-01
3.059999999999999942e-01
3.059999999999999942e-01
3.049999999999999933e-01
3.049999999999999933e-01
3.049999999999999933e-01
3.039999999999999925e-01
3.049999999999999933e-01
3.128000000000000225e-01
3.049999999999999933e-01
3.049999999999999933e-01
3.049999999999999933e-01
3.049999999999999933e-01
3.049999999999999933e-01
3.069000000000000061e-01
3.059999999999999942e-01
3.049999999999999933e-01
3.049999999999999933e-01
3.059999999999999942e-01
3.039999999999999925e-01
3.049999999999999933e-01
3.049999999999999933e-01
3.069000000000000061e-01
3.049999999999999933e-01
3.049999999999999933e-01
3.049999999999999933e-01
3.059999999999999942e-01
3.049999999999999933e-01
3.059999999999999942e-01
3.049999999999999933e-01
3.049999999999999933e-01
3.039999999999999925e-01
3.049999999999999933e-01
3.049999999999999933e-01
3.059999999999999942e-01
3.039999999999999925e-01
3.049999999999999933e-01
3.049999999999999933e-01
3.059999999999999942e-01
3.069000000000000061e-01
3.049999999999999933e-01
3.049999999999999933e-01
3.049999999999999933e-01
3.049999999999999933e-01
3.049999999999999933e-01
3.049999999999999933e-01
3.039999999999999925e-01
3.049999999999999933e-01
3.039999999999999925e-01
3.049999999999999933e-01
3.049999999999999933e-01
3.029999999999999916e-01
3.029999999999999916e-01
3.010999999999999788e-01
2.990999999999999770e-01
3.000999999999999779e-01
3.000999999999999779e-01
3.000999999999999779e-01
3.000999999999999779e-01
2.980999999999999761e-01
2.972000000000000197e-01
2.980999999999999761e-01
3.000999999999999779e-01
3.010999999999999788e-01
3.039999999999999925e-01
3.059999999999999942e-01
3.079000000000000070e-01
3.109000000000000097e-01
3.118000000000000216e-01
3.128000000000000225e-01
3.138000000000000234e-01
3.148000000000000242e-01
3.148000000000000242e-01
3.138000000000000234e-01
3.138000000000000234e-01
3.148000000000000242e-01
3.138000000000000234e-01
3.138000000000000234e-01
3.128000000000000225e-01
3.128000000000000225e-01
3.138000000000000234e-01
3.128000000000000225e-01
3.109000000000000097e-01
3.109000000000000097e-01
3.109000000000000097e-01
3.138000000000000234e-01
3.128000000000000225e-01
3.128000000000000225e-01
3.138000000000000234e-01
3.156999999999999806e-01
3.128000000000000225e-01
3.128000000000000225e-01
3.118000000000000216e-01
3.089000000000000079e-01
3.099000000000000088e-01
3.109000000000000097e-01
3.099000000000000088e-01
3.118000000000000216e-01
3.128000000000000225e-01
3.138000000000000234e-01
3.156999999999999806e-01
3.148000000000000242e-01
3.156999999999999806e-01
3.148000000000000242e-01
3.148000000000000242e-01
3.156999999999999806e-01
3.176999999999999824e-01
3.148000000000000242e-01
3.148000000000000242e-01
3.138000000000000234e-01
3.148000000000000242e-01
3.148000000000000242e-01
3.148000000000000242e-01
3.156999999999999806e-01
3.138000000000000234e-01
3.128000000000000225e-01
3.109000000000000097e-01
3.109000000000000097e-01
3.109000000000000097e-01
3.138000000000000234e-01
3.118000000000000216e-01
3.128000000000000225e-01
3.128000000000000225e-01
3.138000000000000234e-01
3.138000000000000234e-01
3.148000000000000242e-01
3.156999999999999806e-01
3.138000000000000234e-01
3.148000000000000242e-01
3.148000000000000242e-01
3.156999999999999806e-01
3.166999999999999815e-01
3.176999999999999824e-01
3.176999999999999824e-01
3.166999999999999815e-01
3.186999999999999833e-01
3.166999999999999815e-01
3.186999999999999833e-01
3.186999999999999833e-01
3.195999999999999952e-01
3.205999999999999961e-01
3.215999999999999970e-01
3.205999999999999961e-01
3.205999999999999961e-01
3.195999999999999952e-01
3.195999999999999952e-01
3.166999999999999815e-01
3.156999999999999806e-01
3.118000000000000216e-01
3.118000000000000216e-01
3.109000000000000097e-01
3.109000000000000097e-01
3.118000000000000216e-01
3.118000000000000216e-01
3.128000000000000225e-01
3.118000000000000216e-01
3.138000000000000234e-01
3.138000000000000234e-01
3.128000000000000225e-01
3.118000000000000216e-01
3.176999999999999824e-01
3.195999999999999952e-01
3.245000000000000107e-01
3.294000000000000261e-01
3.304000000000000270e-01
3.313999999999999724e-01
3.323999999999999733e-01
3.362999999999999878e-01
3.371999999999999997e-01
3.371999999999999997e-01
3.382000000000000006e-01
3.382000000000000006e-01
3.382000000000000006e-01
3.352999999999999869e-01
3.323999999999999733e-01
3.304000000000000270e-01
3.235999999999999988e-01
3.195999999999999952e-01
3.166999999999999815e-01
3.156999999999999806e-01
3.138000000000000234e-01
3.128000000000000225e-01
3.156999999999999806e-01
3.166999999999999815e-01
3.176999999999999824e-01
3.176999999999999824e-01
3.195999999999999952e-01
3.225999999999999979e-01
3.304000000000000270e-01
3.323999999999999733e-01
3.352999999999999869e-01
3.382000000000000006e-01
3.421000000000000152e-01
3.441000000000000170e-01
3.441000000000000170e-01
3.459999999999999742e-01
3.451000000000000179e-01
3.459999999999999742e-01
3.451000000000000179e-01
3.469999999999999751e-01
3.469999999999999751e-01
3.469999999999999751e-01
3.431000000000000161e-01
3.421000000000000152e-01
3.412000000000000033e-01
3.382000000000000006e-01
3.382000000000000006e-01
3.352999999999999869e-01
3.352999999999999869e-01
3.342999999999999861e-01
3.323999999999999733e-01
3.342999999999999861e-01
3.332999999999999852e-01
3.352999999999999869e-01
3.332999999999999852e-01
3.342999999999999861e-01
3.342999999999999861e-01
3.402000000000000024e-01
3.431000000000000161e-01
3.489999999999999769e-01
3.518999999999999906e-01
3.538999999999999924e-01
3.528999999999999915e-01
3.558000000000000052e-01
3.548000000000000043e-01
3.568000000000000060e-01
3.568000000000000060e-01
3.597000000000000197e-01
3.597000000000000197e-01
3.607000000000000206e-01
3.587000000000000188e-01
3.578000000000000069e-01
3.568000000000000060e-01
3.538999999999999924e-01
3.499999999999999778e-01
3.499999999999999778e-01
3.469999999999999751e-01
3.469999999999999751e-01
3.469999999999999751e-01
3.469999999999999751e-01
3.469999999999999751e-01
3.469999999999999751e-01
3.441000000000000170e-01
3.441000000000000170e-01
3.412000000000000033e-01
3.451000000000000179e-01
3.508999999999999897e-01
3.528999999999999915e-01
3.558000000000000052e-01
3.597000000000000197e-01
3.607000000000000206e-01
3.617000000000000215e-01
3.617000000000000215e-01
3.617000000000000215e-01
3.617000000000000215e-01
3.597000000000000197e-01
3.627000000000000224e-01
3.617000000000000215e-01
3.655999999999999805e-01
3.587000000000000188e-01
3.578000000000000069e-01
3.548000000000000043e-01
3.402000000000000024e-01
3.489999999999999769e-01
3.451000000000000179e-01
3.451000000000000179e-01
3.451000000000000179e-01
3.431000000000000161e-01
3.412000000000000033e-01
3.392000000000000015e-01
3.392000000000000015e-01
3.392000000000000015e-01
3.371999999999999997e-01
3.412000000000000033e-01
3.479999999999999760e-01
3.538999999999999924e-01
3.578000000000000069e-01
3.627000000000000224e-01
3.627000000000000224e-01
3.655999999999999805e-01
3.635999999999999788e-01
3.635999999999999788e-01
3.627000000000000224e-01
3.617000000000000215e-01
3.587000000000000188e-01
3.587000000000000188e-01
3.548000000000000043e-01
3.518999999999999906e-01
3.469999999999999751e-01
3.421000000000000152e-01
3.352999999999999869e-01
3.352999999999999869e-01
3.304000000000000270e-01
3.275000000000000133e-01
3.265000000000000124e-01
3.245000000000000107e-01
3.235999999999999988e-01
3.205999999999999961e-01
3.195999999999999952e-01
3.215999999999999970e-01
3.265000000000000124e-01
3.412000000000000033e-01
3.518999999999999906e-01
3.578000000000000069e-01
3.645999999999999797e-01
3.754000000000000115e-01
3.783000000000000251e-01
3.773000000000000242e-01
3.724000000000000088e-01
3.694999999999999951e-01
3.645999999999999797e-01
3.627000000000000224e-01
3.587000000000000188e-01
3.568000000000000060e-01
3.528999999999999915e-01
3.489999999999999769e-01
3.441000000000000170e-01
3.412000000000000033e-01
3.342999999999999861e-01
3.294000000000000261e-01
3.245000000000000107e-01
3.186999999999999833e-01
3.138000000000000234e-01
3.225999999999999979e-01
3.109000000000000097e-01
3.118000000000000216e-01
3.099000000000000088e-01
3.128000000000000225e-01
3.215999999999999970e-01
3.402000000000000024e-01
3.489999999999999769e-01
3.528999999999999915e-01
3.578000000000000069e-01
3.684999999999999942e-01
3.724000000000000088e-01
3.773000000000000242e-01
3.763000000000000234e-01
3.744000000000000106e-01
3.694999999999999951e-01
3.635999999999999788e-01
3.587000000000000188e-01
3.548000000000000043e-01
3.508999999999999897e-01
3.479999999999999760e-01
3.421000000000000152e-01
3.392000000000000015e-01
3.313999999999999724e-01
3.275000000000000133e-01
3.205999999999999961e-01
3.148000000000000242e-01
3.099000000000000088e-01
3.069000000000000061e-01
3.029999999999999916e-01
3.039999999999999925e-01
3.049999999999999933e-01
3.099000000000000088e-01
3.275000000000000133e-01
3.431000000000000161e-01
3.459999999999999742e-01
3.538999999999999924e-01
3.587000000000000188e-01
3.665999999999999814e-01
3.714999999999999969e-01
3.724000000000000088e-01
3.714999999999999969e-01
3.694999999999999951e-01
3.645999999999999797e-01
3.607000000000000206e-01
3.538999999999999924e-01
3.499999999999999778e-01
3.459999999999999742e-01
3.431000000000000161e-01
3.382000000000000006e-01
3.352999999999999869e-01
3.265000000000000124e-01
3.225999999999999979e-01
3.166999999999999815e-01
3.138000000000000234e-01
3.099000000000000088e-01
3.089000000000000079e-01
3.069000000000000061e-01
3.079000000000000070e-01
3.059999999999999942e-01
3.148000000000000242e-01
3.352999999999999869e-01
3.441000000000000170e-01
3.479999999999999760e-01
3.558000000000000052e-01
3.627000000000000224e-01
3.665999999999999814e-01
3.684999999999999942e-01
3.684999999999999942e-01
3.665999999999999814e-01
3.627000000000000224e-01
3.578000000000000069e-01
3.528999999999999915e-01
3.479999999999999760e-01
3.459999999999999742e-01
3.412000000000000033e-01
3.382000000000000006e-01
3.332999999999999852e-01
3.284000000000000252e-01
3.195999999999999952e-01
3.166999999999999815e-01
3.138000000000000234e-01
3.109000000000000097e-01
3.069000000000000061e-01
3.089000000000000079e-01
3.069000000000000061e-01
3.079000000000000070e-01
3.109000000000000097e-01
3.265000000000000124e-01
3.382000000000000006e-01
3.459999999999999742e-01
3.499999999999999778e-01
3.558000000000000052e-01
3.607000000000000206e-01
3.645999999999999797e-01
3.655999999999999805e-01
3.617000000000000215e-01
3.597000000000000197e-01
3.568000000000000060e-01
3.528999999999999915e-01
3.499999999999999778e-01
3.459999999999999742e-01
3.451000000000000179e-01
3.402000000000000024e-01
3.371999999999999997e-01
3.304000000000000270e-01
3.275000000000000133e-01
3.205999999999999961e-01
3.195999999999999952e-01
3.118000000000000216e-01
3.118000000000000216e-01
3.099000000000000088e-01
3.109000000000000097e-01
3.099000000000000088e-01
3.099000000000000088e-01
3.176999999999999824e-01
3.352999999999999869e-01
3.441000000000000170e-01
3.479999999999999760e-01
3.518999999999999906e-01
3.558000000000000052e-01
3.587000000000000188e-01
3.627000000000000224e-01
3.597000000000000197e-01
3.587000000000000188e-01
3.548000000000000043e-01
3.528999999999999915e-01
3.508999999999999897e-01
3.469999999999999751e-01
3.469999999999999751e-01
3.459999999999999742e-01
3.412000000000000033e-01
3.382000000000000006e-01
3.323999999999999733e-01
3.284000000000000252e-01
3.235999999999999988e-01
3.225999999999999979e-01
3.186999999999999833e-01
3.195999999999999952e-01
3.166999999999999815e-01
3.166999999999999815e-01
3.156999999999999806e-01
3.215999999999999970e-01
3.294000000000000261e-01
3.421000000000000152e-01
3.499999999999999778e-01
3.528999999999999915e-01
3.528999999999999915e-01
3.568000000000000060e-01
3.578000000000000069e-01
3.558000000000000052e-01
3.538999999999999924e-01
3.528999999999999915e-01
3.508999999999999897e-01
3.518999999999999906e-01
3.489999999999999769e-01
3.479999999999999760e-01
3.441000000000000170e-01
3.412000000000000033e-01
3.371999999999999997e-01
3.342999999999999861e-01
3.323999999999999733e-01
3.304000000000000270e-01
3.284000000000000252e-01
3.294000000000000261e-01
3.275000000000000133e-01
3.294000000000000261e-01
3.304000000000000270e-01
3.304000000000000270e-01
3.304000000000000270e-01
3.342999999999999861e-01
3.382000000000000006e-01
3.441000000000000170e-01
3.469999999999999751e-01
3.538999999999999924e-01
3.558000000000000052e-01
3.568000000000000060e-01
3.578000000000000069e-01
3.578000000000000069e-01
3.558000000000000052e-01
3.558000000000000052e-01
3.538999999999999924e-01
3.538999999999999924e-01
3.499999999999999778e-01
3.499999999999999778e-01
3.489999999999999769e-01
3.499999999999999778e-01
3.459999999999999742e-01
3.459999999999999742e-01
3.451000000000000179e-01
3.459999999999999742e-01
3.441000000000000170e-01
3.451000000000000179e-01
3.441000000000000170e-01
3.451000000000000179e-01
3.451000000000000179e-01
3.451000000000000179e-01
3.451000000000000179e-01
3.451000000000000179e-01
3.441000000000000170e-01
3.489999999999999769e-01
3.489999999999999769e-01
3.528999999999999915e-01
3.518999999999999906e-01
3.548000000000000043e-01
3.548000000000000043e-01
3.558000000000000052e-01
3.538999999999999924e-01
3.558000000000000052e-01
3.548000000000000043e-01
3.548000000000000043e-01
3.538999999999999924e-01
3.568000000000000060e-01
3.548000000000000043e-01
3.578000000000000069e-01
3.558000000000000052e-01
3.578000000000000069e-01
3.568000000000000060e-01
3.587000000000000188e-01
3.558000000000000052e-01
3.587000000000000188e-01
3.578000000000000069e-01
3.587000000000000188e-01
3.578000000000000069e-01
3.578000000000000069e-01
3.568000000000000060e-01
3.578000000000000069e-01
3.578000000000000069e-01
3.587000000000000188e-01
3.587000000000000188e-01
3.587000000000000188e-01
3.578000000000000069e-01
3.597000000000000197e-01
3.578000000000000069e-01
3.587000000000000188e-01
3.578000000000000069e-01
3.597000000000000197e-01
3.597000000000000197e-01
3.617000000000000215e-01
3.627000000000000224e-01
3.635999999999999788e-01
3.635999999999999788e-01
3.655999999999999805e-01
3.645999999999999797e-01
3.645999999999999797e-01
3.635999999999999788e-01
3.645999999999999797e-01
3.635999999999999788e-01
3.645999999999999797e-01
3.635999999999999788e-01
3.627000000000000224e-01
3.617000000000000215e-01
3.597000000000000197e-01
3.587000000000000188e-01
3.578000000000000069e-01
3.568000000000000060e-01
3.548000000000000043e-01
3.558000000000000052e-01
3.431000000000000161e-01
3.558000000000000052e-01
3.578000000000000069e-01
3.568000000000000060e-01
3.617000000000000215e-01
3.597000000000000197e-01
3.645999999999999797e-01
3.665999999999999814e-01
3.724000000000000088e-01
3.734000000000000097e-01
3.754000000000000115e-01
3.734000000000000097e-01
3.744000000000000106e-01
3.734000000000000097e-01
3.734000000000000097e-01
3.724000000000000088e-01
3.714999999999999969e-01
3.674999999999999933e-01
3.665999999999999814e-01
3.645999999999999797e-01
3.635999999999999788e-01
3.597000000000000197e-01
3.587000000000000188e-01
3.538999999999999924e-01
3.538999999999999924e-01
3.518999999999999906e-01
3.518999999999999906e-01
3.508999999999999897e-01
3.508999999999999897e-01
3.479999999999999760e-01
3.499999999999999778e-01
3.518999999999999906e-01
3.587000000000000188e-01
3.607000000000000206e-01
3.645999999999999797e-01
3.665999999999999814e-01
3.694999999999999951e-01
3.704999999999999960e-01
3.714999999999999969e-01
3.694999999999999951e-01
3.704999999999999960e-01
3.694999999999999951e-01
3.694999999999999951e-01
3.684999999999999942e-01
3.704999999999999960e-01
3.665999999999999814e-01
3.645999999999999797e-01
3.627000000000000224e-01
3.617000000000000215e-01
3.587000000000000188e-01
3.558000000000000052e-01
3.528999999999999915e-01
3.518999999999999906e-01
3.489999999999999769e-01
3.489999999999999769e-01
3.469999999999999751e-01
3.479999999999999760e-01
3.459999999999999742e-01
3.469999999999999751e-01
3.499999999999999778e-01
3.548000000000000043e-01
3.578000000000000069e-01
3.627000000000000224e-01
3.617000000000000215e-01
3.684999999999999942e-01
3.665999999999999814e-01
3.674999999999999933e-01
3.655999999999999805e-01
3.655999999999999805e-01
3.635999999999999788e-01
3.645999999999999797e-01
3.635999999999999788e-01
3.645999999999999797e-01
3.617000000000000215e-01
3.627000000000000224e-01
3.617000000000000215e-01
3.597000000000000197e-01
3.578000000000000069e-01
3.558000000000000052e-01
3.538999999999999924e-01
3.518999999999999906e-01
3.489999999999999769e-01
3.479999999999999760e-01
3.459999999999999742e-01
3.459999999999999742e-01
3.441000000000000170e-01
3.441000000000000170e-01
3.451000000000000179e-01
3.518999999999999906e-01
3.538999999999999924e-01
3.587000000000000188e-01
3.627000000000000224e-01
3.645999999999999797e-01
3.655999999999999805e-01
3.665999999999999814e-01
3.655999999999999805e-01
3.655999999999999805e-01
3.635999999999999788e-01
3.665999999999999814e-01
3.665999999999999814e-01
3.684999999999999942e-01
3.655999999999999805e-01
3.655999999999999805e-01
3.617000000000000215e-01
3.607000000000000206e-01
3.578000000000000069e-01
3.538999999999999924e-01
3.508999999999999897e-01
3.489999999999999769e-01
3.469999999999999751e-01
3.479999999999999760e-01
3.451000000000000179e-01
3.451000000000000179e-01
3.421000000000000152e-01
3.421000000000000152e-01
3.402000000000000024e-01
3.441000000000000170e-01
3.469999999999999751e-01
3.528999999999999915e-01
3.587000000000000188e-01
3.607000000000000206e-01
3.627000000000000224e-01
3.645999999999999797e-01
3.627000000000000224e-01
3.607000000000000206e-01
3.607000000000000206e-01
3.607000000000000206e-01
3.597000000000000197e-01
3.597000000000000197e-01
3.568000000000000060e-01
3.548000000000000043e-01
3.508999999999999897e-01
3.489999999999999769e-01
3.441000000000000170e-01
3.392000000000000015e-01
3.332999999999999852e-01
3.332999999999999852e-01
3.294000000000000261e-01
3.294000000000000261e-01
3.275000000000000133e-01
3.255000000000000115e-01
3.245000000000000107e-01
3.275000000000000133e-01
3.352999999999999869e-01
3.451000000000000179e-01
3.518999999999999906e-01
3.538999999999999924e-01
3.578000000000000069e-01
3.627000000000000224e-01
3.665999999999999814e-01
3.665999999999999814e-01
3.635999999999999788e-01
3.627000000000000224e-01
3.597000000000000197e-01
3.578000000000000069e-01
3.538999999999999924e-01
3.518999999999999906e-01
3.499999999999999778e-01
3.459999999999999742e-01
3.421000000000000152e-01
3.371999999999999997e-01
3.313999999999999724e-01
3.275000000000000133e-01
3.215999999999999970e-01
3.205999999999999961e-01
3.176999999999999824e-01
3.176999999999999824e-01
3.156999999999999806e-01
3.176999999999999824e-01
3.235999999999999988e-01
3.332999999999999852e-01
3.431000000000000161e-01
3.518999999999999906e-01
3.528999999999999915e-01
3.597000000000000197e-01
3.655999999999999805e-01
3.665999999999999814e-01
3.645999999999999797e-01
3.645999999999999797e-01
3.627000000000000224e-01
3.597000000000000197e-01
3.568000000000000060e-01
3.528999999999999915e-01
3.508999999999999897e-01
3.499999999999999778e-01
3.451000000000000179e-01
3.402000000000000024e-01
3.362999999999999878e-01
3.323999999999999733e-01
3.265000000000000124e-01
3.235999999999999988e-01
3.176999999999999824e-01
3.156999999999999806e-01
3.138000000000000234e-01
3.118000000000000216e-01
3.099000000000000088e-01
3.148000000000000242e-01
3.294000000000000261e-01
3.284000000000000252e-01
3.508999999999999897e-01
3.538999999999999924e-01
3.597000000000000197e-01
3.655999999999999805e-01
3.704999999999999960e-01
3.694999999999999951e-01
3.665999999999999814e-01
3.645999999999999797e-01
3.607000000000000206e-01
3.558000000000000052e-01
3.518999999999999906e-01
3.489999999999999769e-01
3.451000000000000179e-01
3.431000000000000161e-01
3.371999999999999997e-01
3.332999999999999852e-01
3.294000000000000261e-01
3.245000000000000107e-01
3.205999999999999961e-01
3.186999999999999833e-01
3.156999999999999806e-01
3.148000000000000242e-01
3.128000000000000225e-01
3.138000000000000234e-01
3.176999999999999824e-01
3.342999999999999861e-01
3.421000000000000152e-01
3.489999999999999769e-01
3.538999999999999924e-01
3.597000000000000197e-01
3.655999999999999805e-01
3.674999999999999933e-01
3.665999999999999814e-01
3.655999999999999805e-01
3.617000000000000215e-01
3.587000000000000188e-01
3.548000000000000043e-01
3.518999999999999906e-01
3.499999999999999778e-01
3.469999999999999751e-01
3.421000000000000152e-01
3.382000000000000006e-01
3.323999999999999733e-01
3.284000000000000252e-01
3.225999999999999979e-01
3.195999999999999952e-01
3.156999999999999806e-01
3.148000000000000242e-01
3.128000000000000225e-01
3.109000000000000097e-01
3.109000000000000097e-01
3.138000000000000234e-01
3.304000000000000270e-01
3.431000000000000161e-01
3.479999999999999760e-01
3.548000000000000043e-01
3.607000000000000206e-01
3.665999999999999814e-01
3.684999999999999942e-01
3.674999999999999933e-01
3.645999999999999797e-01
3.627000000000000224e-01
3.597000000000000197e-01
3.558000000000000052e-01
3.518999999999999906e-01
3.489999999999999769e-01
3.451000000000000179e-01
3.431000000000000161e-01
3.362999999999999878e-01
3.323999999999999733e-01
3.265000000000000124e-01
3.245000000000000107e-01
3.166999999999999815e-01
3.138000000000000234e-01
3.128000000000000225e-01
3.099000000000000088e-01
3.109000000000000097e-01
3.109000000000000097e-01
3.148000000000000242e-01
3.284000000000000252e-01
3.382000000000000006e-01
3.459999999999999742e-01
3.499999999999999778e-01
3.568000000000000060e-01
3.627000000000000224e-01
3.635999999999999788e-01
3.635999999999999788e-01
3.617000000000000215e-01
3.597000000000000197e-01
3.558000000000000052e-01
3.528999999999999915e-01
3.499999999999999778e-01
3.469999999999999751e-01
3.441000000000000170e-01
3.421000000000000152e-01
3.371999999999999997e-01
3.323999999999999733e-01
3.275000000000000133e-01
3.245000000000000107e-01
3.195999999999999952e-01
3.148000000000000242e-01
3.118000000000000216e-01
3.118000000000000216e-01
3.118000000000000216e-01
3.099000000000000088e-01
3.138000000000000234e-01
3.255000000000000115e-01
3.371999999999999997e-01
3.459999999999999742e-01
3.479999999999999760e-01
3.528999999999999915e-01
3.578000000000000069e-01
3.607000000000000206e-01
3.597000000000000197e-01
3.587000000000000188e-01
3.558000000000000052e-01
3.528999999999999915e-01
3.508999999999999897e-01
3.469999999999999751e-01
3.459999999999999742e-01
3.412000000000000033e-01
3.392000000000000015e-01
3.332999999999999852e-01
3.284000000000000252e-01
3.245000000000000107e-01
3.215999999999999970e-01
3.176999999999999824e-01
3.148000000000000242e-01
3.166999999999999815e-01
3.148000000000000242e-01
3.148000000000000242e-01
3.148000000000000242e-01
3.205999999999999961e-01
3.265000000000000124e-01
3.332999999999999852e-01
3.441000000000000170e-01
3.459999999999999742e-01
3.469999999999999751e-01
3.499999999999999778e-01
3.528999999999999915e-01
3.528999999999999915e-01
3.499999999999999778e-01
3.479999999999999760e-01
3.451000000000000179e-01
3.451000000000000179e-01
3.451000000000000179e-01
3.441000000000000170e-01
3.431000000000000161e-01
3.392000000000000015e-01
3.362999999999999878e-01
3.313999999999999724e-01
3.284000000000000252e-01
3.235999999999999988e-01
3.205999999999999961e-01
3.186999999999999833e-01
3.166999999999999815e-01
3.156999999999999806e-01
3.166999999999999815e-01
3.176999999999999824e-01
3.205999999999999961e-01
3.255000000000000115e-01
3.304000000000000270e-01
3.392000000000000015e-01
3.459999999999999742e-01
3.479999999999999760e-01
3.479999999999999760e-01
3.499999999999999778e-01
3.508999999999999897e-01
3.489999999999999769e-01
3.479999999999999760e-01
3.459999999999999742e-01
3.451000000000000179e-01
3.459999999999999742e-01
3.431000000000000161e-01
3.441000000000000170e-01
3.412000000000000033e-01
3.421000000000000152e-01
3.382000000000000006e-01
3.342999999999999861e-01
3.313999999999999724e-01
3.284000000000000252e-01
3.284000000000000252e-01
3.284000000000000252e-01
3.275000000000000133e-01
3.294000000000000261e-01
3.275000000000000133e-01
3.275000000000000133e-01
3.284000000000000252e-01
3.332999999999999852e-01
3.362999999999999878e-01
3.412000000000000033e-01
3.459999999999999742e-01
3.508999999999999897e-01
3.518999999999999906e-01
3.508999999999999897e-01
3.508999999999999897e-01
3.499999999999999778e-01
3.499999999999999778e-01
3.479999999999999760e-01
3.489999999999999769e-01
3.489999999999999769e-01
3.451000000000000179e-01
3.431000000000000161e-01
3.431000000000000161e-01
3.431000000000000161e-01
3.392000000000000015e-01
3.412000000000000033e-01
3.392000000000000015e-01
3.382000000000000006e-01
3.371999999999999997e-01
3.362999999999999878e-01
3.362999999999999878e-01
3.352999999999999869e-01
3.332999999999999852e-01
3.352999999999999869e-01
3.362999999999999878e-01
3.371999999999999997e-01
3.402000000000000024e-01
3.421000000000000152e-01
3.431000000000000161e-01
3.451000000000000179e-01
3.459999999999999742e-01
3.459999999999999742e-01
3.459999999999999742e-01
3.459999999999999742e-01
3.451000000000000179e-01
3.459999999999999742e-01
3.459999999999999742e-01
3.479999999999999760e-01
3.479999999999999760e-01
3.489999999999999769e-01
3.489999999999999769e-01
3.508999999999999897e-01
3.508999999999999897e-01
3.489999999999999769e-01
3.479999999999999760e-01
3.489999999999999769e-01
3.479999999999999760e-01
3.469999999999999751e-01
3.459999999999999742e-01
3.469999999999999751e-01
3.441000000000000170e-01
3.451000000000000179e-01
3.431000000000000161e-01
3.441000000000000170e-01
3.441000000000000170e-01
3.451000000000000179e-01
3.451000000000000179e-01
3.469999999999999751e-01
3.479999999999999760e-01
3.518999999999999906e-01
3.499999999999999778e-01
3.528999999999999915e-01
3.508999999999999897e-01
3.518999999999999906e-01
3.528999999999999915e-01
3.528999999999999915e-01
3.518999999999999906e-01
3.528999999999999915e-01
3.528999999999999915e-01
3.518999999999999906e-01
3.508999999999999897e-01
3.518999999999999906e-01
3.499999999999999778e-01
3.499999999999999778e-01
3.479999999999999760e-01
3.499999999999999778e-01
3.479999999999999760e-01
3.469999999999999751e-01
3.451000000000000179e-01
3.469999999999999751e-01
3.441000000000000170e-01
3.441000000000000170e-01
3.421000000000000152e-01
3.441000000000000170e-01
3.469999999999999751e-01
3.518999999999999906e-01
3.499999999999999778e-01
3.548000000000000043e-01
3.607000000000000206e-01
3.617000000000000215e-01
3.617000000000000215e-01
3.597000000000000197e-01
3.597000000000000197e-01
3.607000000000000206e-01
3.627000000000000224e-01
3.627000000000000224e-01
3.607000000000000206e-01
3.587000000000000188e-01
3.578000000000000069e-01
3.528999999999999915e-01
3.508999999999999897e-01
3.499999999999999778e-01
3.451000000000000179e-01
3.441000000000000170e-01
3.441000000000000170e-01
3.412000000000000033e-01
3.392000000000000015e-01
3.412000000000000033e-01
3.382000000000000006e-01
3.382000000000000006e-01
3.371999999999999997e-01
3.392000000000000015e-01
3.431000000000000161e-01
3.431000000000000161e-01
3.459999999999999742e-01
3.538999999999999924e-01
3.568000000000000060e-01
3.587000000000000188e-01
3.587000000000000188e-01
3.578000000000000069e-01
3.568000000000000060e-01
3.568000000000000060e-01
3.558000000000000052e-01
3.578000000000000069e-01
3.568000000000000060e-01
3.578000000000000069e-01
3.538999999999999924e-01
3.508999999999999897e-01
3.459999999999999742e-01
3.479999999999999760e-01
3.332999999999999852e-01
3.441000000000000170e-01
3.431000000000000161e-01
3.392000000000000015e-01
3.382000000000000006e-01
3.371999999999999997e-01
3.352999999999999869e-01
3.352999999999999869e-01
3.342999999999999861e-01
3.362999999999999878e-01
3.402000000000000024e-01
3.479999999999999760e-01
3.508999999999999897e-01
3.548000000000000043e-01
3.578000000000000069e-01
3.578000000000000069e-01
3.578000000000000069e-01
3.568000000000000060e-01
3.548000000000000043e-01
3.548000000000000043e-01
3.548000000000000043e-01
3.558000000000000052e-01
3.558000000000000052e-01
3.558000000000000052e-01
3.508999999999999897e-01
3.508999999999999897e-01
3.489999999999999769e-01
3.459999999999999742e-01
3.431000000000000161e-01
3.441000000000000170e-01
3.412000000000000033e-01
3.402000000000000024e-01
3.392000000000000015e-01
3.382000000000000006e-01
3.371999999999999997e-01
3.382000000000000006e-01
3.352999999999999869e-01
3.371999999999999997e-01
3.402000000000000024e-01
3.441000000000000170e-01
3.469999999999999751e-01
3.538999999999999924e-01
3.548000000000000043e-01
3.578000000000000069e-01
3.587000000000000188e-01
3.568000000000000060e-01
3.558000000000000052e-01
3.548000000000000043e-01
3.548000000000000043e-01
3.558000000000000052e-01
3.538999999999999924e-01
3.528999999999999915e-01
3.508999999999999897e-01
3.499999999999999778e-01
3.479999999999999760e-01
3.459999999999999742e-01
3.431000000000000161e-01
3.431000000000000161e-01
3.382000000000000006e-01
3.382000000000000006e-01
3.382000000000000006e-01
3.382000000000000006e-01
3.392000000000000015e-01
3.382000000000000006e-01
3.412000000000000033e-01
3.451000000000000179e-01
3.459999999999999742e-01
3.558000000000000052e-01
3.568000000000000060e-01
3.597000000000000197e-01
3.587000000000000188e-01
3.587000000000000188e-01
3.558000000000000052e-01
3.568000000000000060e-01
3.548000000000000043e-01
3.548000000000000043e-01
3.508999999999999897e-01
3.499999999999999778e-01
3.469999999999999751e-01
3.459999999999999742e-01
3.441000000000000170e-01
3.431000000000000161e-01
3.412000000000000033e-01
3.412000000000000033e-01
3.402000000000000024e-01
3.421000000000000152e-01
3.412000000000000033e-01
3.441000000000000170e-01
3.441000000000000170e-01
3.459999999999999742e-01
3.479999999999999760e-01
3.508999999999999897e-01
3.548000000000000043e-01
3.578000000000000069e-01
3.607000000000000206e-01
3.617000000000000215e-01
3.607000000000000206e-01
3.597000000000000197e-01
3.587000000000000188e-01
3.568000000000000060e-01
3.528999999999999915e-01
3.528999999999999915e-01
3.508999999999999897e-01
3.499999999999999778e-01
3.479999999999999760e-01
3.459999999999999742e-01
3.451000000000000179e-01
3.459999999999999742e-01
3.459999999999999742e-01
3.459999999999999742e-01
3.469999999999999751e-01
3.459999999999999742e-01
3.489999999999999769e-01
3.499999999999999778e-01
3.518999999999999906e-01
3.528999999999999915e-01
3.538999999999999924e-01
3.558000000000000052e-01
3.558000000000000052e-01
3.568000000000000060e-01
3.568000000000000060e-01
3.568000000000000060e-01
3.568000000000000060e-01
3.558000000000000052e-01
3.568000000000000060e-01
3.558000000000000052e-01
3.558000000000000052e-01
3.558000000000000052e-01
3.538999999999999924e-01
3.528999999999999915e-01
3.518999999999999906e-01
3.518999999999999906e-01
3.518999999999999906e-01
3.528999999999999915e-01
3.528999999999999915e-01
3.538999999999999924e-01
3.548000000000000043e-01
3.568000000000000060e-01
3.587000000000000188e-01
3.597000000000000197e-01
3.607000000000000206e-01
3.607000000000000206e-01
3.597000000000000197e-01
3.597000000000000197e-01
3.607000000000000206e-01
3.607000000000000206e-01
3.607000000000000206e-01
3.607000000000000206e-01
3.597000000000000197e-01
3.597000000000000197e-01
3.587000000000000188e-01
3.597000000000000197e-01
3.587000000000000188e-01
3.587000000000000188e-01
3.578000000000000069e-01
3.578000000000000069e-01
3.568000000000000060e-01
3.578000000000000069e-01
3.587000000000000188e-01
3.597000000000000197e-01
3.597000000000000197e-01
3.617000000000000215e-01
3.617000000000000215e-01
3.627000000000000224e-01
3.627000000000000224e-01
3.635999999999999788e-01
3.635999999999999788e-01
3.627000000000000224e-01
3.635999999999999788e-01
3.645999999999999797e-01
3.635999999999999788e-01
3.635999999999999788e-01
3.635999999999999788e-01
3.645999999999999797e-01
3.645999999999999797e-01
3.645999999999999797e-01
3.645999999999999797e-01
3.645999999999999797e-01
3.627000000000000224e-01
3.635999999999999788e-01
3.635999999999999788e-01
3.635999999999999788e-01
3.635999999999999788e-01
3.645999999999999797e-01
3.645999999999999797e-01
3.665999999999999814e-01
3.674999999999999933e-01
3.684999999999999942e-01
3.684999999999999942e-01
3.684999999999999942e-01
3.684999999999999942e-01
3.684999999999999942e-01
3.684999999999999942e-01
3.674999999999999933e-01
3.694999999999999951e-01
3.684999999999999942e-01
3.684999999999999942e-01
3.694999999999999951e-01
3.694999999999999951e-01
3.704999999999999960e-01
3.694999999999999951e-01
3.694999999999999951e-01
3.694999999999999951e-01
3.684999999999999942e-01
3.684999999999999942e-01
3.684999999999999942e-01
3.684999999999999942e-01
3.704999999999999960e-01
3.704999999999999960e-01
3.724000000000000088e-01
3.734000000000000097e-01
3.734000000000000097e-01
3.734000000000000097e-01
3.734000000000000097e-01
3.744000000000000106e-01
3.734000000000000097e-01
3.734000000000000097e-01
3.734000000000000097e-01
3.734000000000000097e-01
3.734000000000000097e-01
3.734000000000000097e-01
3.744000000000000106e-01
3.754000000000000115e-01
3.754000000000000115e-01
3.754000000000000115e-01
3.754000000000000115e-01
3.734000000000000097e-01
3.734000000000000097e-01
3.734000000000000097e-01
3.744000000000000106e-01
3.744000000000000106e-01
3.754000000000000115e-01
3.754000000000000115e-01
3.773000000000000242e-01
3.773000000000000242e-01
3.783000000000000251e-01
3.793000000000000260e-01
3.793000000000000260e-01
3.783000000000000251e-01
3.773000000000000242e-01
3.773000000000000242e-01
3.773000000000000242e-01
3.763000000000000234e-01
3.783000000000000251e-01
3.783000000000000251e-01
3.783000000000000251e-01
3.793000000000000260e-01
3.793000000000000260e-01
3.793000000000000260e-01
3.783000000000000251e-01
3.783000000000000251e-01
3.773000000000000242e-01
3.773000000000000242e-01
3.773000000000000242e-01
3.773000000000000242e-01
3.783000000000000251e-01
3.783000000000000251e-01
3.803000000000000269e-01
3.803000000000000269e-01
3.811999999999999833e-01
3.803000000000000269e-01
3.811999999999999833e-01
3.803000000000000269e-01
3.803000000000000269e-01
3.793000000000000260e-01
3.793000000000000260e-01
3.793000000000000260e-01
3.793000000000000260e-01
3.803000000000000269e-01
3.811999999999999833e-01
3.811999999999999833e-01
3.811999999999999833e-01
3.821999999999999842e-01
3.811999999999999833e-01
3.811999999999999833e-01
3.811999999999999833e-01
3.803000000000000269e-01
3.803000000000000269e-01
3.811999999999999833e-01
3.811999999999999833e-01
3.821999999999999842e-01
3.821999999999999842e-01
3.831999999999999851e-01
3.841999999999999860e-01
3.831999999999999851e-01
3.841999999999999860e-01
3.831999999999999851e-01
3.821999999999999842e-01
3.821999999999999842e-01
3.821999999999999842e-01
3.821999999999999842e-01
3.831999999999999851e-01
3.831999999999999851e-01
3.831999999999999851e-01
3.831999999999999851e-01
3.841999999999999860e-01
3.831999999999999851e-01
3.841999999999999860e-01
3.841999999999999860e-01
3.831999999999999851e-01
3.831999999999999851e-01
3.831999999999999851e-01
3.841999999999999860e-01
3.841999999999999860e-01
3.841999999999999860e-01
3.850999999999999979e-01
3.850999999999999979e-01
3.860999999999999988e-01
3.860999999999999988e-01
3.860999999999999988e-01
3.850999999999999979e-01
3.850999999999999979e-01
3.841999999999999860e-01
3.850999999999999979e-01
3.850999999999999979e-01
3.850999999999999979e-01
3.850999999999999979e-01
3.860999999999999988e-01
3.860999999999999988e-01
3.860999999999999988e-01
3.860999999999999988e-01
3.860999999999999988e-01
3.860999999999999988e-01
3.860999999999999988e-01
3.870999999999999996e-01
3.870999999999999996e-01
3.870999999999999996e-01
3.870999999999999996e-01
3.881000000000000005e-01
3.881000000000000005e-01
3.881000000000000005e-01
3.881000000000000005e-01
3.881000000000000005e-01
3.881000000000000005e-01
3.881000000000000005e-01
3.891000000000000014e-01
3.891000000000000014e-01
3.891000000000000014e-01
3.881000000000000005e-01
3.891000000000000014e-01
3.881000000000000005e-01
3.891000000000000014e-01
3.891000000000000014e-01
3.891000000000000014e-01
3.891000000000000014e-01
3.891000000000000014e-01
3.891000000000000014e-01
3.891000000000000014e-01
3.891000000000000014e-01
3.891000000000000014e-01
3.891000000000000014e-01
3.891000000000000014e-01
3.900000000000000133e-01
3.900000000000000133e-01
3.891000000000000014e-01
3.891000000000000014e-01
3.900000000000000133e-01
3.891000000000000014e-01
3.891000000000000014e-01
3.891000000000000014e-01
3.891000000000000014e-01
3.900000000000000133e-01
3.900000000000000133e-01
3.900000000000000133e-01
3.900000000000000133e-01
3.891000000000000014e-01
3.891000000000000014e-01
3.900000000000000133e-01
3.891000000000000014e-01
3.891000000000000014e-01
3.900000000000000133e-01
3.891000000000000014e-01
3.900000000000000133e-01
3.900000000000000133e-01
3.910000000000000142e-01
3.910000000000000142e-01
3.900000000000000133e-01
3.910000000000000142e-01
3.910000000000000142e-01
3.910000000000000142e-01
3.910000000000000142e-01
3.920000000000000151e-01
3.910000000000000142e-01
3.920000000000000151e-01
3.910000000000000142e-01
3.920000000000000151e-01
3.920000000000000151e-01
3.910000000000000142e-01
3.910000000000000142e-01
3.910000000000000142e-01
3.910000000000000142e-01
3.910000000000000142e-01
3.910000000000000142e-01
3.910000000000000142e-01
3.910000000000000142e-01
3.920000000000000151e-01
3.910000000000000142e-01
3.920000000000000151e-01
3.910000000000000142e-01
3.920000000000000151e-01
3.920000000000000151e-01
3.920000000000000151e-01
3.920000000000000151e-01
3.920000000000000151e-01
3.920000000000000151e-01
3.910000000000000142e-01
3.920000000000000151e-01
3.920000000000000151e-01
3.920000000000000151e-01
3.930000000000000160e-01
3.920000000000000151e-01
3.920000000000000151e-01
3.910000000000000142e-01
3.930000000000000160e-01
3.930000000000000160e-01
3.930000000000000160e-01
3.920000000000000151e-01
3.920000000000000151e-01
3.910000000000000142e-01
3.920000000000000151e-01
3.920000000000000151e-01
3.920000000000000151e-01
3.930000000000000160e-01
3.930000000000000160e-01
3.930000000000000160e-01
3.930000000000000160e-01
3.920000000000000151e-01
3.930000000000000160e-01
3.930000000000000160e-01
3.920000000000000151e-01
3.930000000000000160e-01
3.930000000000000160e-01
3.930000000000000160e-01
3.968999999999999750e-01
3.930000000000000160e-01
3.920000000000000151e-01
3.930000000000000160e-01
3.920000000000000151e-01
3.930000000000000160e-01
3.930000000000000160e-01
3.930000000000000160e-01
3.930000000000000160e-01
3.930000000000000160e-01
3.930000000000000160e-01
3.930000000000000160e-01
3.938999999999999724e-01
3.920000000000000151e-01
3.930000000000000160e-01
3.930000000000000160e-01
3.930000000000000160e-01
3.930000000000000160e-01
3.920000000000000151e-01
3.930000000000000160e-01
3.930000000000000160e-01
3.938999999999999724e-01
3.930000000000000160e-01
3.930000000000000160e-01
3.930000000000000160e-01
3.930000000000000160e-01
3.938999999999999724e-01
3.930000000000000160e-01
3.930000000000000160e-01
3.920000000000000151e-01
3.930000000000000160e-01
3.930000000000000160e-01
3.930000000000000160e-01
3.920000000000000151e-01
3.930000000000000160e-01
3.930000000000000160e-01
3.938999999999999724e-01
3.938999999999999724e-01
3.930000000000000160e-01
3.930000000000000160e-01
3.930000000000000160e-01
3.930000000000000160e-01
3.930000000000000160e-01
3.930000000000000160e-01
3.930000000000000160e-01
3.930000000000000160e-01
3.930000000000000160e-01
3.930000000000000160e-01
3.930000000000000160e-01
3.930000000000000160e-01
3.930000000000000160e-01
3.930000000000000160e-01
3.930000000000000160e-01
3.930000000000000160e-01
3.930000000000000160e-01
3.930000000000000160e-01
3.938999999999999724e-01
3.930000000000000160e-01
3.930000000000000160e-01
3.930000000000000160e-01
3.938999999999999724e-01
3.930000000000000160e-01
3.930000000000000160e-01
3.930000000000000160e-01
3.930000000000000160e-01
3.930000000000000160e-01
3.930000000000000160e-01
3.930000000000000160e-01
3.930000000000000160e-01
3.930000000000000160e-01
3.930000000000000160e-01
