2.639000000000000234e-01
3.284000000000000252e-01
3.294000000000000261e-01
3.304000000000000270e-01
3.323999999999999733e-01
3.332999999999999852e-01
3.323999999999999733e-01
3.304000000000000270e-01
3.323999999999999733e-01
3.304000000000000270e-01
3.313999999999999724e-01
3.323999999999999733e-01
3.323999999999999733e-01
3.323999999999999733e-01
3.323999999999999733e-01
3.332999999999999852e-01
3.323999999999999733e-01
3.332999999999999852e-01
3.332999999999999852e-01
3.323999999999999733e-01
3.323999999999999733e-01
3.323999999999999733e-01
3.323999999999999733e-01
3.323999999999999733e-01
3.323999999999999733e-01
3.323999999999999733e-01
3.323999999999999733e-01
3.323999999999999733e-01
3.323999999999999733e-01
3.323999999999999733e-01
3.323999999999999733e-01
3.332999999999999852e-01
3.323999999999999733e-01
3.313999999999999724e-01
3.323999999999999733e-01
3.332999999999999852e-01
3.342999999999999861e-01
3.332999999999999852e-01
3.313999999999999724e-01
3.323999999999999733e-01
3.332999999999999852e-01
3.323999999999999733e-01
3.323999999999999733e-01
3.323999999999999733e-01
3.313999999999999724e-01
3.323999999999999733e-01
3.323999999999999733e-01
3.323999999999999733e-01
3.323999999999999733e-01
3.323999999999999733e-01
3.332999999999999852e-01
3.323999999999999733e-01
3.323999999999999733e-01
3.332999999999999852e-01
3.323999999999999733e-01
3.323999999999999733e-01
3.332999999999999852e-01
3.332999999999999852e-01
3.313999999999999724e-01
3.313999999999999724e-01
3.323999999999999733e-01
3.313999999999999724e-01
3.313999999999999724e-01
3.313999999999999724e-01
3.313999999999999724e-01
3.313999999999999724e-01
3.323999999999999733e-01
3.304000000000000270e-01
3.304000000000000270e-01
3.323999999999999733e-01
3.323999999999999733e-01
3.323999999999999733e-01
3.313999999999999724e-01
3.313999999999999724e-01
3.304000000000000270e-01
3.304000000000000270e-01
3.294000000000000261e-01
3.304000000000000270e-01
3.313999999999999724e-01
3.304000000000000270e-01
3.294000000000000261e-01
3.265000000000000124e-01
3.275000000000000133e-01
3.275000000000000133e-01
3.275000000000000133e-01
3.284000000000000252e-01
3.275000000000000133e-01
3.255000000000000115e-01
3.265000000000000124e-01
3.265000000000000124e-01
3.255000000000000115e-01
3.235999999999999988e-01
3.235999999999999988e-01
3.235999999999999988e-01
3.215999999999999970e-01
3.205999999999999961e-01
3.205999999999999961e-01
3.225999999999999979e-01
3.255000000000000115e-01
3.294000000000000261e-01
3.313999999999999724e-01
3.323999999999999733e-01
3.332999999999999852e-01
3.323999999999999733e-01
3.323999999999999733e-01
3.323999999999999733e-01
3.323999999999999733e-01
3.304000000000000270e-01
3.255000000000000115e-01
3.245000000000000107e-01
3.215999999999999970e-01
3.215999999999999970e-01
3.205999999999999961e-01
3.186999999999999833e-01
3.176999999999999824e-01
3.186999999999999833e-01
3.186999999999999833e-01
3.176999999999999824e-01
3.156999999999999806e-01
3.148000000000000242e-01
3.148000000000000242e-01
3.166999999999999815e-01
3.166999999999999815e-01
3.176999999999999824e-01
3.195999999999999952e-01
3.225999999999999979e-01
3.245000000000000107e-01
3.284000000000000252e-01
3.275000000000000133e-01
3.294000000000000261e-01
3.294000000000000261e-01
3.304000000000000270e-01
3.275000000000000133e-01
3.265000000000000124e-01
3.245000000000000107e-01
3.245000000000000107e-01
3.205999999999999961e-01
3.195999999999999952e-01
3.186999999999999833e-01
3.148000000000000242e-01
3.109000000000000097e-01
3.079000000000000070e-01
3.059999999999999942e-01
3.059999999999999942e-01
3.049999999999999933e-01
3.069000000000000061e-01
3.020999999999999797e-01
3.000999999999999779e-01
3.010999999999999788e-01
3.118000000000000216e-01
3.128000000000000225e-01
3.166999999999999815e-01
3.166999999999999815e-01
3.205999999999999961e-01
3.255000000000000115e-01
3.265000000000000124e-01
3.275000000000000133e-01
3.275000000000000133e-01
3.186999999999999833e-01
3.245000000000000107e-01
3.235999999999999988e-01
3.235999999999999988e-01
3.215999999999999970e-01
3.215999999999999970e-01
3.186999999999999833e-01
3.195999999999999952e-01
3.186999999999999833e-01
3.109000000000000097e-01
3.049999999999999933e-01
3.000999999999999779e-01
2.962000000000000188e-01
2.952000000000000179e-01
2.942000000000000171e-01
2.952000000000000179e-01
2.942000000000000171e-01
2.942000000000000171e-01
2.990999999999999770e-01
3.109000000000000097e-01
3.138000000000000234e-01
3.176999999999999824e-01
3.176999999999999824e-01
3.195999999999999952e-01
3.235999999999999988e-01
3.255000000000000115e-01
3.245000000000000107e-01
3.245000000000000107e-01
3.235999999999999988e-01
3.245000000000000107e-01
3.225999999999999979e-01
3.225999999999999979e-01
3.195999999999999952e-01
3.186999999999999833e-01
3.166999999999999815e-01
3.166999999999999815e-01
3.128000000000000225e-01
3.069000000000000061e-01
2.980999999999999761e-01
2.933000000000000052e-01
2.893000000000000016e-01
2.913000000000000034e-01
2.913000000000000034e-01
2.883999999999999897e-01
2.893000000000000016e-01
2.913000000000000034e-01
2.972000000000000197e-01
3.109000000000000097e-01
3.118000000000000216e-01
3.148000000000000242e-01
3.138000000000000234e-01
3.186999999999999833e-01
3.215999999999999970e-01
3.245000000000000107e-01
3.225999999999999979e-01
3.215999999999999970e-01
3.205999999999999961e-01
3.195999999999999952e-01
3.195999999999999952e-01
3.205999999999999961e-01
3.186999999999999833e-01
3.176999999999999824e-01
3.148000000000000242e-01
3.156999999999999806e-01
3.099000000000000088e-01
3.020999999999999797e-01
3.000999999999999779e-01
2.972000000000000197e-01
2.962000000000000188e-01
2.952000000000000179e-01
2.942000000000000171e-01
2.952000000000000179e-01
2.980999999999999761e-01
3.039999999999999925e-01
3.099000000000000088e-01
3.138000000000000234e-01
3.138000000000000234e-01
3.156999999999999806e-01
3.176999999999999824e-01
3.205999999999999961e-01
3.215999999999999970e-01
3.245000000000000107e-01
3.225999999999999979e-01
3.245000000000000107e-01
3.215999999999999970e-01
3.225999999999999979e-01
3.215999999999999970e-01
3.235999999999999988e-01
3.225999999999999979e-01
3.245000000000000107e-01
3.215999999999999970e-01
3.099000000000000088e-01
3.205999999999999961e-01
3.205999999999999961e-01
3.186999999999999833e-01
3.166999999999999815e-01
3.118000000000000216e-01
3.128000000000000225e-01
3.109000000000000097e-01
3.099000000000000088e-01
3.109000000000000097e-01
3.099000000000000088e-01
3.089000000000000079e-01
3.079000000000000070e-01
3.099000000000000088e-01
3.118000000000000216e-01
3.128000000000000225e-01
3.186999999999999833e-01
3.186999999999999833e-01
3.225999999999999979e-01
3.225999999999999979e-01
3.245000000000000107e-01
3.245000000000000107e-01
3.245000000000000107e-01
3.225999999999999979e-01
3.235999999999999988e-01
3.215999999999999970e-01
3.195999999999999952e-01
3.205999999999999961e-01
3.176999999999999824e-01
3.148000000000000242e-01
3.109000000000000097e-01
3.049999999999999933e-01
3.020999999999999797e-01
2.980999999999999761e-01
2.980999999999999761e-01
2.972000000000000197e-01
2.962000000000000188e-01
2.942000000000000171e-01
2.990999999999999770e-01
3.109000000000000097e-01
3.128000000000000225e-01
3.156999999999999806e-01
3.186999999999999833e-01
3.195999999999999952e-01
3.245000000000000107e-01
3.255000000000000115e-01
3.304000000000000270e-01
3.275000000000000133e-01
3.255000000000000115e-01
3.215999999999999970e-01
3.205999999999999961e-01
3.186999999999999833e-01
3.195999999999999952e-01
3.176999999999999824e-01
3.166999999999999815e-01
3.138000000000000234e-01
3.089000000000000079e-01
3.000999999999999779e-01
2.952000000000000179e-01
2.893000000000000016e-01
2.893000000000000016e-01
2.873999999999999888e-01
2.873999999999999888e-01
2.873999999999999888e-01
2.923000000000000043e-01
3.059999999999999942e-01
3.148000000000000242e-01
3.156999999999999806e-01
3.176999999999999824e-01
3.195999999999999952e-01
3.313999999999999724e-01
3.332999999999999852e-01
3.332999999999999852e-01
3.294000000000000261e-01
3.265000000000000124e-01
3.235999999999999988e-01
3.215999999999999970e-01
3.186999999999999833e-01
3.156999999999999806e-01
3.138000000000000234e-01
3.118000000000000216e-01
3.089000000000000079e-01
3.010999999999999788e-01
2.942000000000000171e-01
2.853999999999999870e-01
2.746999999999999997e-01
2.620000000000000107e-01
2.649000000000000243e-01
2.649000000000000243e-01
2.669000000000000261e-01
2.746999999999999997e-01
2.873999999999999888e-01
3.099000000000000088e-01
3.128000000000000225e-01
3.148000000000000242e-01
3.195999999999999952e-01
3.362999999999999878e-01
3.371999999999999997e-01
3.352999999999999869e-01
3.323999999999999733e-01
3.313999999999999724e-01
3.265000000000000124e-01
3.225999999999999979e-01
3.186999999999999833e-01
3.156999999999999806e-01
3.128000000000000225e-01
3.128000000000000225e-01
3.089000000000000079e-01
3.029999999999999916e-01
2.923000000000000043e-01
2.883999999999999897e-01
2.776000000000000134e-01
2.746999999999999997e-01
2.677999999999999825e-01
2.639000000000000234e-01
2.649000000000000243e-01
2.697999999999999843e-01
2.766000000000000125e-01
2.962000000000000188e-01
3.099000000000000088e-01
3.118000000000000216e-01
3.128000000000000225e-01
3.205999999999999961e-01
3.313999999999999724e-01
3.313999999999999724e-01
3.323999999999999733e-01
3.323999999999999733e-01
3.275000000000000133e-01
3.255000000000000115e-01
3.215999999999999970e-01
3.186999999999999833e-01
3.138000000000000234e-01
3.128000000000000225e-01
3.079000000000000070e-01
3.069000000000000061e-01
2.972000000000000197e-01
2.883999999999999897e-01
2.834999999999999742e-01
2.805000000000000271e-01
2.726999999999999980e-01
2.677999999999999825e-01
2.639000000000000234e-01
2.649000000000000243e-01
2.639000000000000234e-01
2.697999999999999843e-01
2.853999999999999870e-01
3.010999999999999788e-01
3.089000000000000079e-01
3.099000000000000088e-01
3.148000000000000242e-01
3.275000000000000133e-01
3.294000000000000261e-01
3.294000000000000261e-01
3.275000000000000133e-01
3.255000000000000115e-01
3.225999999999999979e-01
3.195999999999999952e-01
3.176999999999999824e-01
3.148000000000000242e-01
3.109000000000000097e-01
3.099000000000000088e-01
3.029999999999999916e-01
2.962000000000000188e-01
2.873999999999999888e-01
2.834999999999999742e-01
2.786000000000000143e-01
2.776000000000000134e-01
2.697999999999999843e-01
2.677999999999999825e-01
2.639000000000000234e-01
2.659000000000000252e-01
2.687999999999999834e-01
2.814999999999999725e-01
2.903000000000000025e-01
3.029999999999999916e-01
3.049999999999999933e-01
3.109000000000000097e-01
3.186999999999999833e-01
3.255000000000000115e-01
3.255000000000000115e-01
3.275000000000000133e-01
3.245000000000000107e-01
3.215999999999999970e-01
3.186999999999999833e-01
3.176999999999999824e-01
3.118000000000000216e-01
3.099000000000000088e-01
3.059999999999999942e-01
3.020999999999999797e-01
2.903000000000000025e-01
2.853999999999999870e-01
2.796000000000000152e-01
2.776000000000000134e-01
2.716999999999999971e-01
2.687999999999999834e-01
2.659000000000000252e-01
2.649000000000000243e-01
2.649000000000000243e-01
2.677999999999999825e-01
2.716999999999999971e-01
2.834999999999999742e-01
2.972000000000000197e-01
3.069000000000000061e-01
3.079000000000000070e-01
3.138000000000000234e-01
3.195999999999999952e-01
3.265000000000000124e-01
3.265000000000000124e-01
3.255000000000000115e-01
3.195999999999999952e-01
3.205999999999999961e-01
3.156999999999999806e-01
3.109000000000000097e-01
3.069000000000000061e-01
3.069000000000000061e-01
3.020999999999999797e-01
2.952000000000000179e-01
2.883999999999999897e-01
2.834999999999999742e-01
2.796000000000000152e-01
2.776000000000000134e-01
2.736999999999999988e-01
2.736999999999999988e-01
2.716999999999999971e-01
2.736999999999999988e-01
2.726999999999999980e-01
2.757000000000000006e-01
2.786000000000000143e-01
2.903000000000000025e-01
3.010999999999999788e-01
3.069000000000000061e-01
3.049999999999999933e-01
3.109000000000000097e-01
3.148000000000000242e-01
3.176999999999999824e-01
3.186999999999999833e-01
3.176999999999999824e-01
3.148000000000000242e-01
3.109000000000000097e-01
3.089000000000000079e-01
3.079000000000000070e-01
3.049999999999999933e-01
3.020999999999999797e-01
2.923000000000000043e-01
2.893000000000000016e-01
2.834999999999999742e-01
2.814999999999999725e-01
2.786000000000000143e-01
2.805000000000000271e-01
2.786000000000000143e-01
2.776000000000000134e-01
2.757000000000000006e-01
2.776000000000000134e-01
2.776000000000000134e-01
2.844999999999999751e-01
2.893000000000000016e-01
3.039999999999999925e-01
3.069000000000000061e-01
3.079000000000000070e-01
3.099000000000000088e-01
3.118000000000000216e-01
3.118000000000000216e-01
3.128000000000000225e-01
3.118000000000000216e-01
3.118000000000000216e-01
3.079000000000000070e-01
3.079000000000000070e-01
3.049999999999999933e-01
3.010999999999999788e-01
2.933000000000000052e-01
2.903000000000000025e-01
2.824999999999999734e-01
2.824999999999999734e-01
2.796000000000000152e-01
2.853999999999999870e-01
2.796000000000000152e-01
2.805000000000000271e-01
2.786000000000000143e-01
2.824999999999999734e-01
2.853999999999999870e-01
2.893000000000000016e-01
2.962000000000000188e-01
3.059999999999999942e-01
3.069000000000000061e-01
3.089000000000000079e-01
3.059999999999999942e-01
3.089000000000000079e-01
3.089000000000000079e-01
3.109000000000000097e-01
3.089000000000000079e-01
3.089000000000000079e-01
3.059999999999999942e-01
3.039999999999999925e-01
2.980999999999999761e-01
2.962000000000000188e-01
2.893000000000000016e-01
2.834999999999999742e-01
2.766000000000000125e-01
2.757000000000000006e-01
2.736999999999999988e-01
2.766000000000000125e-01
2.776000000000000134e-01
2.805000000000000271e-01
2.805000000000000271e-01
2.893000000000000016e-01
2.923000000000000043e-01
3.010999999999999788e-01
3.059999999999999942e-01
3.079000000000000070e-01
3.069000000000000061e-01
3.089000000000000079e-01
3.079000000000000070e-01
3.099000000000000088e-01
3.069000000000000061e-01
3.089000000000000079e-01
3.069000000000000061e-01
3.069000000000000061e-01
3.029999999999999916e-01
2.972000000000000197e-01
2.933000000000000052e-01
2.873999999999999888e-01
2.776000000000000134e-01
2.757000000000000006e-01
2.736999999999999988e-01
2.757000000000000006e-01
2.776000000000000134e-01
2.824999999999999734e-01
2.844999999999999751e-01
2.893000000000000016e-01
2.952000000000000179e-01
3.039999999999999925e-01
3.099000000000000088e-01
3.128000000000000225e-01
3.099000000000000088e-01
3.099000000000000088e-01
3.079000000000000070e-01
3.089000000000000079e-01
3.069000000000000061e-01
3.089000000000000079e-01
3.069000000000000061e-01
3.079000000000000070e-01
3.069000000000000061e-01
3.049999999999999933e-01
3.020999999999999797e-01
2.990999999999999770e-01
2.903000000000000025e-01
2.873999999999999888e-01
2.805000000000000271e-01
2.786000000000000143e-01
2.796000000000000152e-01
2.834999999999999742e-01
2.844999999999999751e-01
2.933000000000000052e-01
2.990999999999999770e-01
3.089000000000000079e-01
3.118000000000000216e-01
3.156999999999999806e-01
3.138000000000000234e-01
3.148000000000000242e-01
3.128000000000000225e-01
3.118000000000000216e-01
3.089000000000000079e-01
3.099000000000000088e-01
3.109000000000000097e-01
3.118000000000000216e-01
3.099000000000000088e-01
3.118000000000000216e-01
3.079000000000000070e-01
3.069000000000000061e-01
3.020999999999999797e-01
2.990999999999999770e-01
2.942000000000000171e-01
2.933000000000000052e-01
2.913000000000000034e-01
2.933000000000000052e-01
2.933000000000000052e-01
2.972000000000000197e-01
3.029999999999999916e-01
3.099000000000000088e-01
3.138000000000000234e-01
3.176999999999999824e-01
3.186999999999999833e-01
3.186999999999999833e-01
3.186999999999999833e-01
3.166999999999999815e-01
3.148000000000000242e-01
3.148000000000000242e-01
3.118000000000000216e-01
3.128000000000000225e-01
3.128000000000000225e-01
3.138000000000000234e-01
3.128000000000000225e-01
3.118000000000000216e-01
3.118000000000000216e-01
3.109000000000000097e-01
3.079000000000000070e-01
3.059999999999999942e-01
3.049999999999999933e-01
3.049999999999999933e-01
3.049999999999999933e-01
3.049999999999999933e-01
3.059999999999999942e-01
3.109000000000000097e-01
3.148000000000000242e-01
3.166999999999999815e-01
3.205999999999999961e-01
3.235999999999999988e-01
3.235999999999999988e-01
3.235999999999999988e-01
3.215999999999999970e-01
3.195999999999999952e-01
3.176999999999999824e-01
3.176999999999999824e-01
3.166999999999999815e-01
3.176999999999999824e-01
3.176999999999999824e-01
3.148000000000000242e-01
3.156999999999999806e-01
3.166999999999999815e-01
3.156999999999999806e-01
3.156999999999999806e-01
3.148000000000000242e-01
3.148000000000000242e-01
3.138000000000000234e-01
3.138000000000000234e-01
3.128000000000000225e-01
3.138000000000000234e-01
3.138000000000000234e-01
3.176999999999999824e-01
3.195999999999999952e-01
3.235999999999999988e-01
3.275000000000000133e-01
3.284000000000000252e-01
3.265000000000000124e-01
3.255000000000000115e-01
3.235999999999999988e-01
3.215999999999999970e-01
3.205999999999999961e-01
3.205999999999999961e-01
3.195999999999999952e-01
3.186999999999999833e-01
3.186999999999999833e-01
3.195999999999999952e-01
3.205999999999999961e-01
3.215999999999999970e-01
3.205999999999999961e-01
3.205999999999999961e-01
3.195999999999999952e-01
3.186999999999999833e-01
3.186999999999999833e-01
3.186999999999999833e-01
3.186999999999999833e-01
3.195999999999999952e-01
3.215999999999999970e-01
3.235999999999999988e-01
3.255000000000000115e-01
3.275000000000000133e-01
3.284000000000000252e-01
3.284000000000000252e-01
3.265000000000000124e-01
3.255000000000000115e-01
3.235999999999999988e-01
3.235999999999999988e-01
3.215999999999999970e-01
3.215999999999999970e-01
3.215999999999999970e-01
3.225999999999999979e-01
3.245000000000000107e-01
3.245000000000000107e-01
3.245000000000000107e-01
3.245000000000000107e-01
3.245000000000000107e-01
3.245000000000000107e-01
3.235999999999999988e-01
3.225999999999999979e-01
3.225999999999999979e-01
3.245000000000000107e-01
3.255000000000000115e-01
3.275000000000000133e-01
3.284000000000000252e-01
3.294000000000000261e-01
3.294000000000000261e-01
3.284000000000000252e-01
3.275000000000000133e-01
3.265000000000000124e-01
3.245000000000000107e-01
3.255000000000000115e-01
3.245000000000000107e-01
3.245000000000000107e-01
3.255000000000000115e-01
3.255000000000000115e-01
3.294000000000000261e-01
3.275000000000000133e-01
3.275000000000000133e-01
3.275000000000000133e-01
3.265000000000000124e-01
3.265000000000000124e-01
3.255000000000000115e-01
3.265000000000000124e-01
3.255000000000000115e-01
3.275000000000000133e-01
3.284000000000000252e-01
3.304000000000000270e-01
3.304000000000000270e-01
3.313999999999999724e-01
3.313999999999999724e-01
3.304000000000000270e-01
3.294000000000000261e-01
3.294000000000000261e-01
3.284000000000000252e-01
3.284000000000000252e-01
3.275000000000000133e-01
3.275000000000000133e-01
3.284000000000000252e-01
3.284000000000000252e-01
3.304000000000000270e-01
3.304000000000000270e-01
3.304000000000000270e-01
3.313999999999999724e-01
3.304000000000000270e-01
3.294000000000000261e-01
3.304000000000000270e-01
3.304000000000000270e-01
3.304000000000000270e-01
3.313999999999999724e-01
3.323999999999999733e-01
3.332999999999999852e-01
3.342999999999999861e-01
3.342999999999999861e-01
3.332999999999999852e-01
3.332999999999999852e-01
3.323999999999999733e-01
3.313999999999999724e-01
3.313999999999999724e-01
3.313999999999999724e-01
3.313999999999999724e-01
3.313999999999999724e-01
3.313999999999999724e-01
3.313999999999999724e-01
3.332999999999999852e-01
3.332999999999999852e-01
3.342999999999999861e-01
3.342999999999999861e-01
3.342999999999999861e-01
3.342999999999999861e-01
3.342999999999999861e-01
3.332999999999999852e-01
3.342999999999999861e-01
3.352999999999999869e-01
3.362999999999999878e-01
3.362999999999999878e-01
3.362999999999999878e-01
3.362999999999999878e-01
3.362999999999999878e-01
3.362999999999999878e-01
3.352999999999999869e-01
3.352999999999999869e-01
3.342999999999999861e-01
3.342999999999999861e-01
3.342999999999999861e-01
3.332999999999999852e-01
3.342999999999999861e-01
3.352999999999999869e-01
3.342999999999999861e-01
3.352999999999999869e-01
3.362999999999999878e-01
3.362999999999999878e-01
3.371999999999999997e-01
3.371999999999999997e-01
3.362999999999999878e-01
3.371999999999999997e-01
3.371999999999999997e-01
3.371999999999999997e-01
3.382000000000000006e-01
3.382000000000000006e-01
3.382000000000000006e-01
3.382000000000000006e-01
3.382000000000000006e-01
3.371999999999999997e-01
3.371999999999999997e-01
3.382000000000000006e-01
3.362999999999999878e-01
3.362999999999999878e-01
3.371999999999999997e-01
3.362999999999999878e-01
3.362999999999999878e-01
3.362999999999999878e-01
3.371999999999999997e-01
3.371999999999999997e-01
3.371999999999999997e-01
3.371999999999999997e-01
3.371999999999999997e-01
3.382000000000000006e-01
3.392000000000000015e-01
3.392000000000000015e-01
3.392000000000000015e-01
3.402000000000000024e-01
3.402000000000000024e-01
3.392000000000000015e-01
3.402000000000000024e-01
3.392000000000000015e-01
3.392000000000000015e-01
3.392000000000000015e-01
3.392000000000000015e-01
3.392000000000000015e-01
3.392000000000000015e-01
3.382000000000000006e-01
